        100971301
        1383148969
        1891996308
        1408080712
        1187658340
        891908259
        1000872013
        2125332107
        1158775038
        191883950
        976813530
        1301192984
        253434877
        1468943508
        233821467
        394743393
        1727999232
        1368245325
        560198873
        1890754714
        1520025631
        1681326501
        422896356
        505653002
        860844610
        2055740261
        584736757
        88865907
        333390753
        454983001
        831910069
        434362054
        1838131971
        576422729
        1842442766
        878306663
        1468330989
        695831131
        856155122
        479622379
        887715081
        1832968652
        1780815363
        1141149959
        1154428512
        2014636830
        1535893352
        734944096
        1235398508
        2096092225
        478215162
        607940491
        1629935078
        901111519
        1113593493
        343296040
        809368132
        1698330250
        432161947
        1142758885
        5829603
        1264072016
        1577120939
        1843961574
        1840494746
        1272080058
        574784589
        1161342087
        1967911189
        1430939711
        1640964466
        708142623
        1116424715
        1274296181
        1849292582
        123369579
        1141449364
        1237702286
        858313675
        229364224
        1186310863
        1336528838
        837304715
        668762293
        90156709
        1950898208
        1012058333
        899524841
        1501744810
        1444220280
        2042283727
        1507574413
        560808648
        1471921018
        1204052340
        253819746
        596517428
        1778836929
        1415161833
        416944970
          50619